$ANSIBLE_VAULT;1.1;AES256
63313030623064636464326630613062383935623065613038353536343439323730396134626363
3339336266663164373864643837396637346332656535360a386466333665396562336530326262
66396362386263373635343339373463323032663537383835313361663762626235383431373864
3665363733643461330a383961633533373138333231313039323236396165383139333636663830
63333334313161376635383937656433333434613164376363303930303962616435626465613961
61313133356464323864343863623830363739623165366231326364326265663561356534363830
39306633353062613163306635626639643364316236616438316439323430646263333934636165
64376136336434313236613565383763363936623334316630666264316461663263623837373137
31646563353361363862303339383239653631636439626239366461303136633133336336396339
62303834313761653237653932326434396565353730376637363865343838643061333937613637
31646464316531653661383439353334303532383563336461366165353266393162646630646235
30646565366365386361336537336435656436376139636563316165613363356536366639346535
31323534646162396261616264333361323338356633333039633530356636633164393631666363
31383863323736356531666530326530306163343933333362616435306233366536366134663138
38393335306437393436333938333462623631376431386238363031333231316163656138386439
66326663653338643339383063326561353434303766613837346561353363306238656164306262
34643761353765383764363738363432626435393332616637613635346265356234393932373734
64306636616635643933303435346561343761353466663139373537373863366539633738363334
61643135636266373165643262306333643738623866303737663765656165626330393362623333
30333834643163366662636166363436383665306534386262303361333339613666333264306236
33326333313630323466613930386436653438356361383731623833313732363233666132626339
64373135393633333431323861353130613632323132356435383363313130666238333464326439
63623532383639613339313138386566363130613663653563633064653066636161366262656538
63633361663737323961
