$ANSIBLE_VAULT;1.1;AES256
33366636643861636665343433343430383463333238386461313633656134343066626639613535
6433616566393831303934336336616261356238303166360a353963646230666531313761366532
61643965393062393762316335323831623235643863346266343031306264613661636362633934
3361363535333064310a383464643136663836386262626431663136336139376563653136353537
30323533666464383133306366343961336662383938313966613063386135356634643034353530
64333836383865393464323239353731343737306535633431653030636332326233616463633933
62313664313239636666336266623463333035376538656364303336353339613561306664656330
66323539383966663639633038336230393939343561306563343763363631343765386265653333
32323765633335393539383337626366636661333964323232393662306463626665646366643363
38353266663830663863383634613364383734653331366435393762666432393238636337303331
65383165656538616639643239623338666366616335653835613930306539626465643437356466
65636639306265353261633564316534386239663134656433623466353833353566303930353863
65643236643264383639653361316161616464373634613066383735646434623536343438616162
35326637396261346632656231386463363032653531353438396666656233303561393036366338
32306632333364313830326534353264636435373233343361623336376430623335653735393237
35356366326637346338373562363565376432653061376431376164353164666230353062613731
33366530313930613336346461366438663665393464653163643134373332386165653937303761
64646438346431613163376331366261343661333961636632326439353932313561646537376463
37656166643531373162613065363438396137393437666130373563363733653431333631333737
36363538626632316362653130313439623035643465646134626162663634323935373535346232
38383439643363396132323864626135393935633634386664343461373631386133383066623637
64396430623732373333616162386334386163373033363730653061353637363239633938353136
39306631313463313461356161663564646630373534326263303732316365316438663865373662
35616330663639396261306666306135386531346565356234383131653562376135343730643633
33623432343461616432613664633961386262333030663064613333393366353231383666646565
63356334356562313362383561316266383966323432383861306135653234653963353532613564
62393765653162346464373232316231363562346334316365333634656532303032343362393431
64633066623931336666
