$ANSIBLE_VAULT;1.1;AES256
34373836316665326462636530313866333532343763373532356434336561633561313666306436
6164383331653965376136313332366362653164353437300a653233636438386434326435363163
32643734363639666561643066623731366562386564653031396261643630386634613763303035
3661636362306161630a636437656165323262343264373365646131383131373231336564366332
39376139363231363661303163393465363533363638643362363935663731393533656432323864
32386161343632663033313830613562306532363361623037633062363366396537303738363863
31663832373338633632643239383136383131373065346332643135656266343762313630656463
65396464333030653662386362643832366239346134626537643439666231326436616431376263
30646336653961663132323532373364663765396236613232643432353936396439626233393265
35383239393332306639323032393266636632656532343464356162623630653634336266313262
38393831613761636461323638316161653534636433396563386337343434313635386532623763
39346430623432336164373937653635643064323838353939303032643532323636346132393537
33383766373731333032396436343866386438633665633634663632393463653363623965343735
66623434633235303835366563396664323832316665316631333166613234376236633836383036
63643730376237393035346263343136313231613531343532323936383536336230616639653462
31623233373936353663363965336563343663653465303463613334646263376363383530623264
31326639663539366539303433353462356439393037633339313135343261623532636263313863
36376630303032396663353236313637663465316536326665316665636238613863623835386631
36393961666632393066346537303137336266306138303336343530373364303065646266376336
33343865336666333462653633326236333331343165376235616563356336373535303231626538
30383362613636383335376264643466303164663436383930646138313330656334663632316265
65393836383132323965386162383864643735383561346364353839366534346165363466663562
37616632663461336136323637393163663538326435336136333134663964633437326135623638
62336139353466643462353537303233643736336632663266393231336131633261663235316331
30323035613638386139653337643837633963303939303835393239396639343232393331623964
38343865386539663639353863333134393639633862343763336336366363663363393039306535
64396234623932646231316564393139343237663865306636633261633533393833353963636435
65343834383737336266633737653765306137386239306235613934333930666365393165333830
38613665386230373863623965316333386635303863333263643763303962303337396361356465
34666534653033643936363834316466303830663263633935333166323336646637656433316666
39616366633637623436343961376662383561303565356336333164623538646366323962373732
34663766666234313564333438623161363834343566343234653933393137303534663230306664
30343538386534633030363838633862633138303066333831363935656639376362333032366239
39636139386338326237343835393365366230646533353962613733643364653364326131633437
31386632613136653361323761616238316462626631626263323435346432306533613635366335
62633262396661353938393264646565306565393834633563393962303031636639353538626639
31393735376337613236306234666632313464316134656235353566633761646239646531613464
64643063373336363434343236343762616263653537646564383939643033656435356333643739
63633734313163333534343830363932656664633034363361626362313861643764663465323335
38363935623130306631373532663238656664333261616334313532316664653362623139616337
34313332323930303235626632363738306164336665363865376139313737633830666631633930
34383730373362626464613537623566393564366161663162306436643964343139383430356538
37366135646233666664353263616662333261386430616430646430336662623632363432666361
65336636313963396439616239333862343133333665656563666633616464323534323034626239
39363463306532363431613165383061646666356334393139343964326263613363643962343661
36636261653332626537393463383432356539663735366235333433643230383639343665306363
39383362613935313432386235623563346532653434303861656261316163326364376666323966
65373361636435623161616365646636623465336335383239393364383738353236646564656638
34396136356364373661356536366536366132663237363831646335623533353234396634373230
66653435363536333839386537343063303231616137383564326132376338633731626664633432
39303033653661653933363433386531393762336638326236326238396532663839653730653964
35636662323233656439386662326566393164386163383433393564626637323365666630363937
33313130643561323535353664356161303336643831656165613462376263323136383737623536
30346465323230636663613765666135366333303831643762353862616338353736373764336635
39623837393465623631643538653438336461613536393466373939396135306430663133386266
31383730363836616533616336313366666139343439356231356161373161373639376133373364
31656632396439633739623362366563623933623536383631623962316564306332656230336238
39613761663039663964613939356635376635313462376238333962333661623536343439643939
39633232666634343961666366653137613930626561666164336534643061343465633966323930
64326461633537356237613636363331656336616663316565356563366632663232653039303832
62613964356230353039316337386438663934343838373435613235303265613337353739313136
63356634336337363965613465613566363137376363373366353539306330363030376663353161
33336138363062346530343931623434303838626331666434396565343235613833636662303336
64393566666232616332373632386138626365373939653235626232666662396464396265336135
35373534366365653831656661383730363731343866656339323135656435373536653664316464
31333839353338383931656339363132613062333735663464643338393937653766336662346630
32326436386439623639316335656435303266343632323237323432303738373163353531623736
34323139656339373532376133356330653332626364646636363834313031323333343938373861
34636436663561646166653638663039323837616364383661643238363061623064306436666537
34653034653063363837303730336461653564356231666365366162383533613961313333376461
38613437353033356461303630333332343762626362396265643931386236313337373838326533
36326134636466653134353461613332303632636239623232643736663362396362373365373031
31353965663234393665333932366438376465353264333134326134653662653639663532323437
32643766356534316435313233633432626236393232363663636365336365326335636263643636
63343265356561316531333230623732373861653339316633653134386461613834333538643632
64303839643934623533323662653538373037323538373264366335373235313037376562643334
38383363633736323164393039376432653134643934386431643435653333613038303831383964
31343335616335363931363939353633643036396563633333326139353935643031653161353836
61343664643861383235356530303431653331393464613135663035393362393633663630646266
38623830346663633032373966393338623766343037623662613462323034386339353331373735
65396336646566356263323634316137393961306662656532336661376434323831396461333266
38663433653365613665643730613033343361323230643137353065666164303165386661303235
66343139643161326531356465613537396138353565353538333935633866386336323937323737
32616265643563636562616234613438333537303536376239653465613266633030353563326130
63386430666532363264636334643239313961366136623537393666356236303661323066663165
62343361656238303365646461336330343833613333303037313364353665633436383261663065
61363864663561313063653130323264333033356631653931616239623934376136353063613265
32343364343636613864303737373134623936646639306338613162613665386338383832613861
33343162393763633563393665303832393838656665326632613163626665363834393236663134
36343863643930663132633461333334656236343665336338393265396634666234343166356634
62386132326635313230333737323764646562373561326266303038666336323265616530666431
31336533376438626262333239353731313063323137623133663931626331353036666363396563
3337
