$ANSIBLE_VAULT;1.1;AES256
37326566323433626634313633363861376637366261393436653463396463326431326662323661
6430633966333431383437343634396265623062666664330a616135363133396233373363316262
39393638353231633863626565386261616163396538633037313862383532653261343736343835
6634346366313063330a373736393835623737623662303738383366333661303337643735386136
31303031633464636266623533646139393432343637356233633565336239303262396131383635
37646663396161666561313130323363663865633137646633363364326431356532333630363536
63396634633738623263356466626661313636316239363933633033396639316432393131316635
61313764623466646334626538306335633761636634376164643139343036643438386333613634
31663739346435333461333063356164626432393830626439653732643032656663633361353063
39373965313861303964346530396261323739363731643433333561323166613964373335323662
62323339633165663766373933653139663936663930303438303034346135333332666132373533
31623230643532643635306538636634376436333230386464303434636331653763323964376130
37623732393435623337366538643766363366373733653564623364386132663430326538346635
63636166363335646331633164366232353734306666623139353333623364313833623961623333
38396237613436343663353130373336303162663166626363346237613032636530666465636333
62633031303166633834336365663763306365656561323237396531303238656632363466623436
30313239303130666438623437616238333566363830383766646538303130626234616661353839
34623338653939643331356561356565313338653964363661633036633761353431303766326136
64343838616537613238663463626363326664643236616362323532393638303763663139373962
64376664666561353431646664383239316161666331666566303663326234323636633433383633
39663438393637376465336261326336616235383062653932626464656166373834616130656262
33363064303439393138303365343936663865373663383730626234386639393233393531616537
61353065303135313865323132303062636266356230653539336561303433383634323566623537
62326237623432626232633637376462373435623565386631333739303333643530653532356133
37346235653032323137663038623033396231626532323737333839373937373262386535613833
35393165373632393765653834663234626462376535313664373964653665396265656134656466
34383033376137643936633633303830633363633635303538643763366461663638653561396636
39653035666139613639343834316434366265333934376336633066376135363364313533383631
33386232626637353461643638633839333034353166366539353762336237613135363837346430
32663462613737623635326161666338366365366538383966346236386539323963663563633437
39343662643062633335633465663834643863336263323862626461623463336331333663313463
64643234646339626361393132663061636139333737366138323739376666616464343531633062
35313531653639326336636631313530623363316361313464363233663863346362303565613432
30643631363661353066313836386435363432366136646539346635393430316164646162303363
38353266333562396535303566366238313262646430393938333235356138656236623439373762
63333765343338666332636162346539636633356232653738353066643563336138613431623934
30386239643231383836313534623365663464653264353266373466633531396636623662303330
37356564356361316137623263333737363235663761663434626539653866666234366663643833
32666631303337393733393063356531366365396162653131373431343232323464383864343439
37313934393935343865643965313766666436343064666165343765646235343037343430393136
34373063356631653661336163366466656138633638626261613961396230663665633563303535
63323932336365326236373336313636626436366236393738386632393436373635306563653861
34653832333463353163343962313763323266393139623034353439656564616261633430313231
38663232323730316530336632643761636362323230333330653163326165323361383037366366
62346132366163373832653138393233636438346435386161636166363433646331623139333533
62626164356135623339623030353437343537643663663566666263346134353030313732323131
39663565646339303663346261383231366133623264336366653063316463666364333531333831
35653463346433363966643437643265363462343837386131613231653536326237366434363561
30346230373661346531653831383430616337343432303238333634333338336538353236333930
34613165613563306562653634663539343337303434643533363034363766353437633233393033
33363864616633393165313235616638363266633764333731663162333237303733383131663661
36653738626634393239313938303635633939353038323936363531363964396361313165353161
38326332653562396339386564383265366437636264303636613463666637376637633965386661
37373735383131336264663363646363326566386433336233383035376333383933613863646233
61653732623839343563643639373939306163323664343062636363643531623632623232393462
36636265303361386662643433386234383435396637653430626635366530376163356639303534
30626436323430623832363038393663353962303566323832376135306565663761613231633739
31366236363738343034613135663430306238336262356136363533303536383930383834363634
32613863353062333731363462633931623839653465626666613532316162363634623538363333
38373063363435356363616430383431633863383938346463383039623261643138393636643631
32363566396532643733346237633035656130376338626633326661353531313338333364326662
39616162363564353338636164333236623166303366383435343132653238656333623334373035
37616237666235303132366430333030386563353066366236363439333063663831353261643535
64356632336462613566653239313331636565383231333132316531616666306638646333623833
38356664633936316137646538343034323566386566663262363832303232623738306165396362
33303366613164656263626263653732653966346430323639643564666238323737636166633036
36376462336432633465633165383963366533326131336330353939626138316133303332306337
63303839373033346134343331306432366266333563316635646134653235376535346338316238
37656466323935653632383963316136613663616139363933356631303335346532613237326131
35323863653435353766333536663737663339656134363936633262326236306632353036333063
62363037353465323361366361666631613536343664313430303838316639333661303139343631
64356138616331386336313635323437396333386264333931343530343938616237383265356636
30613965393762313234653364326136393539616636653539346162306134616562633961653831
61653833303666646634663063376463383736306165306339343431663163626464306162666333
30313735303934363462393937663632326133323563316434616637323561623732646330643534
66396161346463376161326532396662383438643464323166326132653166383431623934646535
36323633656330386635643761396430373635383861616361303537346231623333346337326334
38633432656634313961346465383531373765303738643034666261633064323735396161366262
34633137663833333631343431626266313166373530386538323636363836343264643230616534
31323732613664313630646334303434383033373266303263653666616664373037356436323361
38653864636235653866626465346461653563393138656338663965396236626234376665386335
33663439393863626337333735313433326432316137393664386163393234393735633330303932
62313139363466643232646564313534613564316265306262643931656261386535353235643930
30656235363934653438373531326133636138643761363363656561613266353130376239393937
63363564393961326530636463666531363930363835633263303438626139626336366432343531
37393166663234316638373337356637616363656236356536643937636232613638313963363963
32353134326462633137376262366465666361343737333837656131346132366234623865643737
34653664323835326266303864363135363238346437623264386664623436393335613430633334
62663530386563313136666362323136633531376637643561303431343337636634656463383238
63343938343466353630666634636438623263303465393832636632366565333531316465623139
32373530633363633033633239646465303637343461363664656566373134386333343461363330
30343232653736613430333235356435383864656466316536323561376461353133643432643263
34643236343037646437316635633635393330393331363432633835336432396230636664346361
64613338373833656233313737346132653439306562383865616463613236383964383565653735
30343564616261383861353965613965303834346234303763623131373138636163373937656535
33373965353334636633313036326237373463333331643331383636656237326631636436326666
36323136613761356432306561616138653530313337333665666333633863386464333739353661
35613963366263393239323134356465643834636664666537393961646335396633666663363433
37623439383365663638386635316335666662323630663065373030336132323066396363336434
63366530653232386263303838336464663732326635373462653031396638336430653665333030
33353637613161626233303636373463316638383038666263313164316638663937363134373838
35386561396637386561663962636335356334303834363336373134336331666139393163393064
35383934303737346231313362383636363035363262303632356164386165633536623766353462
64303735356635666439313333303334316338316662396632303031626537366539323532323631
63633165363138383930623634326330326662643436346663313136373664623765333336303962
64636636363363343335656436623932636237376633316635363935303631386637396233623533
33323132303064316163343637386161643937353663366235633362636138383438346466613566
65376365346466613532356366643731363866306531633633626636303538343434356361633963
31383135643638346135313565656265636361383634333036353334333738363639313332343165
65346463333661303433366664373039316263303437613733616431303264613361643530303938
62613233393432646463643132333565373933666531313039356165633839663331643365613037
31353065323635396437633362393539363436613361626632663462653365366137396363613263
33313237323235623863666139313861633834393763383534383539343436376331383031636133
35313065623163643764633961393264313364333065396131616439353465346539396630353832
34306136666562396139666536333762653731326261343135643237333761666534323832373331
30343134333065616466303963316533383964363761366234303334636334336238666362646364
65346661303031343830626131336133373935303036633064623662396335343731333762666436
65393630356561393164616137653262656562656137323131313135383439323035643966613366
31613936636433333138623763653333656639303231343935396237343137613661316361313834
61303864393761633761613537633039626130613162313961343030383263633161613239663664
65323764346337383062333763646434303065373038373266656132393362396137663139366238
64383433306233663036316232363961363761306538346161653231626562333966613039636334
35653663626335383465313036616231323835616463663932336133663665653730373939366263
36313765303766373666396662303065346632653364383731383263353763373130303435643334
65316136313566343265366537373163326530633335393164616532616137656437626333666538
61626638336365353831643231666162303330386462393931646164386162366661366335306638
62663237653262656436326264313836346236663736376266623463396530386632353436636137
37633362396166633933626136333031326436376333623534636638333232333365306661346361
36326136663036613732383739626462373537393166353665666337356139333737373337656331
63336337653963393834343138323434336666396132643261646561336233316162396335303864
38626438323232316565653434646661356239396533666364666632376230663164316337653663
35336163323264393031346130336666373633333364306164376134313134356532313634613739
62636435383234643136316361623535663136656535363135623734326166663236353437653738
6235626330653735306130643635313934626361376466323062
